5x3
12 4 6 9 14 3 7 10 1 2 15 8 13 11 5
8 2 13 3 15 4 11 14 5 12 7 10 6 9 1
1 10 7 11 5 13 6 15 8 9 14 3 4 2 12
10 6 8 14 1 2 5 9 3 13 12 11 7 15 4
7 13 9 12 4 10 15 11 14 1 3 2 5 8 6
11 5 2 15 3 12 4 8 6 7 1 9 10 14 13
6 15 1 2 11 8 12 7 13 5 9 14 3 4 10
4 14 10 13 7 15 1 3 9 11 6 5 2 12 8
9 8 3 5 12 6 14 4 2 10 11 13 15 1 7
5 11 4 7 9 1 8 13 12 3 10 15 14 6 2
14 1 15 8 10 7 9 2 11 6 13 4 12 5 3
13 3 12 6 2 14 10 5 15 4 8 1 9 7 11
15 7 14 4 6 5 13 1 10 8 2 12 11 3 9
3 9 5 10 8 11 2 12 7 15 4 6 1 13 14
2 12 11 1 13 9 3 6 4 14 5 7 8 10 15